;alpha_1_1_2_d1cg5b_.keys;alpha_1_1_0_d1x46a_.keys;alpha_1_1_2_d1ecaa_.keys;alpha_1_1_0_d2ig3a_.keys;alpha_1_1_0_d2zs0c_.keys;alpha_1_1_0_d2zs0b_.keys;alpha_1_1_0_d2bk9a_.keys;alpha_1_1_2_d1gcva_.keys;alpha_1_1_2_d1cqxa1.keys;alpha_1_1_0_d2zs0d_.keys;alpha_1_1_0_d3ubca_.keys;alpha_1_1_2_d1asha_.keys;alpha_1_1_0_d2zs0a_.keys;alpha_1_1_0_d1x3ka_.keys;alpha_1_1_0_d2c0ka_.keys;alpha_1_1_2_d1h97a_.keys;alpha_1_1_0_d2wtga_.keys;alpha_1_1_0_d2wy4a_.keys;alpha_1_1_0_d3pt8a_.keys;alpha_1_1_2_d1b0ba_.keys
alpha_1_1_2_d1cg5b_.keys;119;280;432;500;514;529;542;554;569;586;598;613;627;640;654;667;680;694;707;720
alpha_1_1_0_d1x46a_.keys;119;432;514;542;569;598;627;654;680;707;13;39;69;100;130;160;194;224;259;306
alpha_1_1_2_d1ecaa_.keys;119;500;542;586;627;667;707;25;69;115;160;209;259;323;41;82;128;175;217;261
alpha_1_1_0_d2ig3a_.keys;119;514;569;627;680;13;69;130;194;259;14;70;128;189;246;13;75;135;194;248
alpha_1_1_0_d2zs0c_.keys;119;529;598;667;13;85;160;239;14;82;161;232;13;89;165;234;15;83;156;228
alpha_1_1_0_d2zs0b_.keys;119;542;627;707;69;160;259;41;128;217;13;105;194;277;69;156;241;44;128;212
alpha_1_1_0_d2bk9a_.keys;119;554;654;25;130;239;41;144;246;59;165;262;69;171;268;84;181;284;106;212
alpha_1_1_2_d1gcva_.keys;119;569;680;69;194;14;128;246;75;194;15;126;241;73;181;16;135;254;71;178
alpha_1_1_2_d1cqxa1.keys;119;586;707;115;259;82;217;59;194;31;156;282;128;256;106;239;71;192;44;161
alpha_1_1_0_d2zs0d_.keys;119;598;13;160;14;161;13;165;15;156;14;154;16;164;15;152;15;149;15;147
alpha_1_1_0_d3ubca_.keys;119;613;39;209;70;232;105;262;126;282;154;30;196;58;205;86;231;110;261;148
alpha_1_1_2_d1asha_.keys;119;627;69;259;128;13;194;69;241;128;16;196;71;231;122;15;177;77;241;129
alpha_1_1_0_d2zs0a_.keys;119;640;100;323;189;89;277;171;73;256;164;58;231;135;43;218;134;30;208;118
alpha_1_1_0_d1x3ka_.keys;119;654;130;41;246;165;69;268;181;106;15;205;122;43;232;158;73;269;184;97
alpha_1_1_0_d2c0ka_.keys;119;667;160;82;13;234;156;84;16;239;152;86;15;218;158;87;14;227;156;82
alpha_1_1_2_d1h97a_.keys;119;680;194;128;75;15;241;181;135;71;15;231;177;134;73;14;242;185;123;68
alpha_1_1_0_d2wtga_.keys;119;694;224;175;135;83;44;284;254;192;149;110;77;30;269;227;185;135;97;103
alpha_1_1_0_d2wy4a_.keys;119;707;259;217;194;156;128;106;71;44;15;261;241;208;184;156;123;97;119;46
alpha_1_1_0_d3pt8a_.keys;119;720;306;261;248;228;212;212;178;161;147;148;129;118;97;82;68;103;46;27
alpha_1_1_2_d1b0ba_.keys;119;13;14;13;15;14;16;15;15;15;15;15;14;14;14;14;26;14;12;12
